function eps0 = getEps0
    eps0 = 8.8541878128e-12; %F/m
end